BRSE
2, 3, 3, 3, 1, 3, 2, 3, 3, 3, 1, 3, 3, 1, 3, 3
Haladás
1, 3, 1, 2, 3, 2, 2, 3, 2, 3, 3, 2, 2, 1, 3, 3
Budaörsi DSE
3, 1, 1, 1, 2, 2, 1, 1, 3, 2, 2, 2, 2, 1, 1, 3
MÁV Előre SC
1, 3, 1, 3, 3, 3, 3, 1, 2, 3, 1, 3, 1, 1, 2, 1
Penta-Gödöllői Röplabda Club
2, 2, 3, 1, 3, 1, 1, 1, 2, 1, 1, 1, 3, 2, 3, 1
SZBBRA
1, 1, 3, 1, 2, 1, 2, 2, 2, 2, 2, 1, 2, 3, 2, 2
TFSE
3, 2, 3, 3, 1, 2, 1, 3, 1, 3, 1, 2, 2, 2, 3
DSZC-Eötvös
3, 2, 2, 2, 1, 2, 3, 2, 1, 3, 2, 2, 3, 3, 1, 1
UTE
1, 3, 3, 2, 1, 2, 2, 3, 1, 1, 1, 2, 2, 1, 3, 1
Vasas Óbuda
2, 3, 1, 1, 2, 3, 2, 1, 3, 3, 1, 1, 2, 2, 1, 1
Palota RSC
2, 2, 2, 2, 3, 2, 2, 2, 2, 3, 1, 2, 1, 3, 1, 2
Diósgyőri VTK
2, 3, 2, 2, 3, 1, 3, 3, 1, 1, 2, 2, 1, 2, 1, 2
MTK Budapest
1, 2, 2, 2, 2, 1, 2, 2, 3, 3, 2, 2, 3, 2, 3, 2
Fatum-Nyíregyháza
2, 2, 3, 2, 3, 1, 2, 3, 3, 1, 3, 1, 2, 2, 2, 2
Jászberényi RK
2, 2, 1, 1, 2, 3, 2, 2, 3, 1, 3, 3, 3, 3, 2, 1
MCM Kaposvári
2, 2, 2, 2, 3, 3, 3, 2, 3, 1, 1, 2, 3, 3, 3, 2